3 17 21 24
3 17 21 24
3 12 14 21 22
2 5 18 21 22
6 18 21 22 24
3 17 18 21
6 12 14 21 23
1 18 21 22
3 14 16 21 22
3 14 21
6 9 17 18 21 22
8 13 18 21 22
3 14 18 21 22
3 14 21 22
3 21 24
3 21 24
3 9 13 18 21 22 24
2 3 21
6 9 20 21
3 9 10 21
6 12 13 17 18 21 22
2 3 15 18 21 22
3 9 18 21
6 18 21 22 24
3 20 21
3 21 24
3 14 21 24
3 10 17 21
3 14 21 22
3 12 21
5 9 17 21
6 15 17 21 22 24
4 17 20 21 22 24
3 9 12 18 21 22 24 25
6 9 14 18 20 21
3 15 18 21 22
3 12 18 20 21
3 9 12 18 21 24
3 12 21 24
6 9 12 14 17 20 21
6 17 18 19 21 22
3 21 24
6 14 17 18 20 21 25
6 9 18 21 22
6 12 14 17 20 21
6 9 14 17 20 21 22
6 12 13 17 18 21 22
6 9 13 14 21 22
3 14 17 21
6 9 12 20 21
6 18 21 22 23
3 14 21 24
5 10 11 17 18 21
3 14 17 18 19 20 21 22
6 12 20 21
6 14 18 19 21 22 24
5 21 22 24
3 14 17 21
3 14 21 24
6 12 14 17 20 21 22
6 13 17 18 21 22
3 17 21 24
6 18 20 21 22 24
3 14 17 21
8 13 17 21 22
6 17 18 19 21 23
6 13 21 22
3 21 24
3 12 15 21 22
3 14 17 18 21 25
6 13 14 18 21 22 23
5 21 22 24
3 14 17 18 21 25
6 14 17 18 19 21 22
6 18 19 21 23
3 21 24
3 17 20 21
6 12 18 20 21
6 13 17 18 21 22
6 18 21 22 24
3 21 24
5 18 21 22 24
3 13 17 18 21 22
