0 0.0 0.0
1 0.0 1.0
2 0.0 2.0
3 0.0 3.0
4 0.0 4.0
5 0.0 5.0
6 0.0 6.0
7 0.0 7.0
8 0.0 8.0
9 0.0 9.0
10 0.0 10.0
11 0.0 11.0
12 0.0 12.0
13 0.0 13.0
14 0.0 14.0
15 0.0 15.0
16 0.0 16.0
17 0.0 17.0
18 0.0 18.0
19 0.0 19.0
20 0.0 20.0
21 0.0 21.0
22 0.0 22.0
23 0.0 23.0
24 0.0 24.0
25 0.0 25.0
26 0.0 26.0
27 0.0 27.0
28 0.0 28.0
29 0.0 29.0
30 0.0 30.0
31 0.0 31.0
32 0.0 32.0
33 0.0 33.0
34 0.0 34.0
35 0.0 35.0
36 0.0 36.0
37 0.0 37.0
38 0.0 38.0
39 0.0 39.0
40 0.0 40.0
41 0.0 41.0
42 0.0 42.0
43 0.0 43.0
44 0.0 44.0
45 0.0 45.0
46 0.0 46.0
47 0.0 47.0
48 0.0 48.0
49 0.0 49.0
50 1.0 0.0
51 1.0 1.0
52 1.0 2.0
53 1.0 3.0
54 1.0 4.0
55 1.0 5.0
56 1.0 6.0
57 1.0 7.0
58 1.0 8.0
59 1.0 9.0
60 1.0 10.0
61 1.0 11.0
62 1.0 12.0
63 1.0 13.0
64 1.0 14.0
65 1.0 15.0
66 1.0 16.0
67 1.0 17.0
68 1.0 18.0
69 1.0 19.0
70 1.0 20.0
71 1.0 21.0
72 1.0 22.0
73 1.0 23.0
74 1.0 24.0
75 1.0 25.0
76 1.0 26.0
77 1.0 27.0
78 1.0 28.0
79 1.0 29.0
80 1.0 30.0
81 1.0 31.0
82 1.0 32.0
83 1.0 33.0
84 1.0 34.0
85 1.0 35.0
86 1.0 36.0
87 1.0 37.0
88 1.0 38.0
89 1.0 39.0
90 1.0 40.0
91 1.0 41.0
92 1.0 42.0
93 1.0 43.0
94 1.0 44.0
95 1.0 45.0
96 1.0 46.0
97 1.0 47.0
98 1.0 48.0
99 1.0 49.0
100 2.0 0.0
101 2.0 1.0
102 2.0 2.0
103 2.0 3.0
104 2.0 4.0
105 2.0 5.0
106 2.0 6.0
107 2.0 7.0
108 2.0 8.0
109 2.0 9.0
110 2.0 10.0
111 2.0 11.0
112 2.0 12.0
113 2.0 13.0
114 2.0 14.0
115 2.0 15.0
116 2.0 16.0
117 2.0 17.0
118 2.0 18.0
119 2.0 19.0
120 2.0 20.0
121 2.0 21.0
122 2.0 22.0
123 2.0 23.0
124 2.0 24.0
125 2.0 25.0
126 2.0 26.0
127 2.0 27.0
128 2.0 28.0
129 2.0 29.0
130 2.0 30.0
131 2.0 31.0
132 2.0 32.0
133 2.0 33.0
134 2.0 34.0
135 2.0 35.0
136 2.0 36.0
137 2.0 37.0
138 2.0 38.0
139 2.0 39.0
140 2.0 40.0
141 2.0 41.0
142 2.0 42.0
143 2.0 43.0
144 2.0 44.0
145 2.0 45.0
146 2.0 46.0
147 2.0 47.0
148 2.0 48.0
149 2.0 49.0
150 3.0 0.0
151 3.0 1.0
152 3.0 2.0
153 3.0 3.0
154 3.0 4.0
155 3.0 5.0
156 3.0 6.0
157 3.0 7.0
158 3.0 8.0
159 3.0 9.0
160 3.0 10.0
161 3.0 11.0
162 3.0 12.0
163 3.0 13.0
164 3.0 14.0
165 3.0 15.0
166 3.0 16.0
167 3.0 17.0
168 3.0 18.0
169 3.0 19.0
170 3.0 20.0
171 3.0 21.0
172 3.0 22.0
173 3.0 23.0
174 3.0 24.0
175 3.0 25.0
176 3.0 26.0
177 3.0 27.0
178 3.0 28.0
179 3.0 29.0
180 3.0 30.0
181 3.0 31.0
182 3.0 32.0
183 3.0 33.0
184 3.0 34.0
185 3.0 35.0
186 3.0 36.0
187 3.0 37.0
188 3.0 38.0
189 3.0 39.0
190 3.0 40.0
191 3.0 41.0
192 3.0 42.0
193 3.0 43.0
194 3.0 44.0
195 3.0 45.0
196 3.0 46.0
197 3.0 47.0
198 3.0 48.0
199 3.0 49.0
200 4.0 0.0
201 4.0 1.0
202 4.0 2.0
203 4.0 3.0
204 4.0 4.0
205 4.0 5.0
206 4.0 6.0
207 4.0 7.0
208 4.0 8.0
209 4.0 9.0
210 4.0 10.0
211 4.0 11.0
212 4.0 12.0
213 4.0 13.0
214 4.0 14.0
215 4.0 15.0
216 4.0 16.0
217 4.0 17.0
218 4.0 18.0
219 4.0 19.0
220 4.0 20.0
221 4.0 21.0
222 4.0 22.0
223 4.0 23.0
224 4.0 24.0
225 4.0 25.0
226 4.0 26.0
227 4.0 27.0
228 4.0 28.0
229 4.0 29.0
230 4.0 30.0
231 4.0 31.0
232 4.0 32.0
233 4.0 33.0
234 4.0 34.0
235 4.0 35.0
236 4.0 36.0
237 4.0 37.0
238 4.0 38.0
239 4.0 39.0
240 4.0 40.0
241 4.0 41.0
242 4.0 42.0
243 4.0 43.0
244 4.0 44.0
245 4.0 45.0
246 4.0 46.0
247 4.0 47.0
248 4.0 48.0
249 4.0 49.0
250 5.0 0.0
251 5.0 1.0
252 5.0 2.0
253 5.0 3.0
254 5.0 4.0
255 5.0 5.0
256 5.0 6.0
257 5.0 7.0
258 5.0 8.0
259 5.0 9.0
260 5.0 10.0
261 5.0 11.0
262 5.0 12.0
263 5.0 13.0
264 5.0 14.0
265 5.0 15.0
266 5.0 16.0
267 5.0 17.0
268 5.0 18.0
269 5.0 19.0
270 5.0 20.0
271 5.0 21.0
272 5.0 22.0
273 5.0 23.0
274 5.0 24.0
275 5.0 25.0
276 5.0 26.0
277 5.0 27.0
278 5.0 28.0
279 5.0 29.0
280 5.0 30.0
281 5.0 31.0
282 5.0 32.0
283 5.0 33.0
284 5.0 34.0
285 5.0 35.0
286 5.0 36.0
287 5.0 37.0
288 5.0 38.0
289 5.0 39.0
290 5.0 40.0
291 5.0 41.0
292 5.0 42.0
293 5.0 43.0
294 5.0 44.0
295 5.0 45.0
296 5.0 46.0
297 5.0 47.0
298 5.0 48.0
299 5.0 49.0
300 6.0 0.0
301 6.0 1.0
302 6.0 2.0
303 6.0 3.0
304 6.0 4.0
305 6.0 5.0
306 6.0 6.0
307 6.0 7.0
308 6.0 8.0
309 6.0 9.0
310 6.0 10.0
311 6.0 11.0
312 6.0 12.0
313 6.0 13.0
314 6.0 14.0
315 6.0 15.0
316 6.0 16.0
317 6.0 17.0
318 6.0 18.0
319 6.0 19.0
320 6.0 20.0
321 6.0 21.0
322 6.0 22.0
323 6.0 23.0
324 6.0 24.0
325 6.0 25.0
326 6.0 26.0
327 6.0 27.0
328 6.0 28.0
329 6.0 29.0
330 6.0 30.0
331 6.0 31.0
332 6.0 32.0
333 6.0 33.0
334 6.0 34.0
335 6.0 35.0
336 6.0 36.0
337 6.0 37.0
338 6.0 38.0
339 6.0 39.0
340 6.0 40.0
341 6.0 41.0
342 6.0 42.0
343 6.0 43.0
344 6.0 44.0
345 6.0 45.0
346 6.0 46.0
347 6.0 47.0
348 6.0 48.0
349 6.0 49.0
350 7.0 0.0
351 7.0 1.0
352 7.0 2.0
353 7.0 3.0
354 7.0 4.0
355 7.0 5.0
356 7.0 6.0
357 7.0 7.0
358 7.0 8.0
359 7.0 9.0
360 7.0 10.0
361 7.0 11.0
362 7.0 12.0
363 7.0 13.0
364 7.0 14.0
365 7.0 15.0
366 7.0 16.0
367 7.0 17.0
368 7.0 18.0
369 7.0 19.0
370 7.0 20.0
371 7.0 21.0
372 7.0 22.0
373 7.0 23.0
374 7.0 24.0
375 7.0 25.0
376 7.0 26.0
377 7.0 27.0
378 7.0 28.0
379 7.0 29.0
380 7.0 30.0
381 7.0 31.0
382 7.0 32.0
383 7.0 33.0
384 7.0 34.0
385 7.0 35.0
386 7.0 36.0
387 7.0 37.0
388 7.0 38.0
389 7.0 39.0
390 7.0 40.0
391 7.0 41.0
392 7.0 42.0
393 7.0 43.0
394 7.0 44.0
395 7.0 45.0
396 7.0 46.0
397 7.0 47.0
398 7.0 48.0
399 7.0 49.0
400 8.0 0.0
401 8.0 1.0
402 8.0 2.0
403 8.0 3.0
404 8.0 4.0
405 8.0 5.0
406 8.0 6.0
407 8.0 7.0
408 8.0 8.0
409 8.0 9.0
410 8.0 10.0
411 8.0 11.0
412 8.0 12.0
413 8.0 13.0
414 8.0 14.0
415 8.0 15.0
416 8.0 16.0
417 8.0 17.0
418 8.0 18.0
419 8.0 19.0
420 8.0 20.0
421 8.0 21.0
422 8.0 22.0
423 8.0 23.0
424 8.0 24.0
425 8.0 25.0
426 8.0 26.0
427 8.0 27.0
428 8.0 28.0
429 8.0 29.0
430 8.0 30.0
431 8.0 31.0
432 8.0 32.0
433 8.0 33.0
434 8.0 34.0
435 8.0 35.0
436 8.0 36.0
437 8.0 37.0
438 8.0 38.0
439 8.0 39.0
440 8.0 40.0
441 8.0 41.0
442 8.0 42.0
443 8.0 43.0
444 8.0 44.0
445 8.0 45.0
446 8.0 46.0
447 8.0 47.0
448 8.0 48.0
449 8.0 49.0
450 9.0 0.0
451 9.0 1.0
452 9.0 2.0
453 9.0 3.0
454 9.0 4.0
455 9.0 5.0
456 9.0 6.0
457 9.0 7.0
458 9.0 8.0
459 9.0 9.0
460 9.0 10.0
461 9.0 11.0
462 9.0 12.0
463 9.0 13.0
464 9.0 14.0
465 9.0 15.0
466 9.0 16.0
467 9.0 17.0
468 9.0 18.0
469 9.0 19.0
470 9.0 20.0
471 9.0 21.0
472 9.0 22.0
473 9.0 23.0
474 9.0 24.0
475 9.0 25.0
476 9.0 26.0
477 9.0 27.0
478 9.0 28.0
479 9.0 29.0
480 9.0 30.0
481 9.0 31.0
482 9.0 32.0
483 9.0 33.0
484 9.0 34.0
485 9.0 35.0
486 9.0 36.0
487 9.0 37.0
488 9.0 38.0
489 9.0 39.0
490 9.0 40.0
491 9.0 41.0
492 9.0 42.0
493 9.0 43.0
494 9.0 44.0
495 9.0 45.0
496 9.0 46.0
497 9.0 47.0
498 9.0 48.0
499 9.0 49.0
500 10.0 0.0
501 10.0 1.0
502 10.0 2.0
503 10.0 3.0
504 10.0 4.0
505 10.0 5.0
506 10.0 6.0
507 10.0 7.0
508 10.0 8.0
509 10.0 9.0
510 10.0 10.0
511 10.0 11.0
512 10.0 12.0
513 10.0 13.0
514 10.0 14.0
515 10.0 15.0
516 10.0 16.0
517 10.0 17.0
518 10.0 18.0
519 10.0 19.0
520 10.0 20.0
521 10.0 21.0
522 10.0 22.0
523 10.0 23.0
524 10.0 24.0
525 10.0 25.0
526 10.0 26.0
527 10.0 27.0
528 10.0 28.0
529 10.0 29.0
530 10.0 30.0
531 10.0 31.0
532 10.0 32.0
533 10.0 33.0
534 10.0 34.0
535 10.0 35.0
536 10.0 36.0
537 10.0 37.0
538 10.0 38.0
539 10.0 39.0
540 10.0 40.0
541 10.0 41.0
542 10.0 42.0
543 10.0 43.0
544 10.0 44.0
545 10.0 45.0
546 10.0 46.0
547 10.0 47.0
548 10.0 48.0
549 10.0 49.0
550 11.0 0.0
551 11.0 1.0
552 11.0 2.0
553 11.0 3.0
554 11.0 4.0
555 11.0 5.0
556 11.0 6.0
557 11.0 7.0
558 11.0 8.0
559 11.0 9.0
560 11.0 10.0
561 11.0 11.0
562 11.0 12.0
563 11.0 13.0
564 11.0 14.0
565 11.0 15.0
566 11.0 16.0
567 11.0 17.0
568 11.0 18.0
569 11.0 19.0
570 11.0 20.0
571 11.0 21.0
572 11.0 22.0
573 11.0 23.0
574 11.0 24.0
575 11.0 25.0
576 11.0 26.0
577 11.0 27.0
578 11.0 28.0
579 11.0 29.0
580 11.0 30.0
581 11.0 31.0
582 11.0 32.0
583 11.0 33.0
584 11.0 34.0
585 11.0 35.0
586 11.0 36.0
587 11.0 37.0
588 11.0 38.0
589 11.0 39.0
590 11.0 40.0
591 11.0 41.0
592 11.0 42.0
593 11.0 43.0
594 11.0 44.0
595 11.0 45.0
596 11.0 46.0
597 11.0 47.0
598 11.0 48.0
599 11.0 49.0
600 12.0 0.0
601 12.0 1.0
602 12.0 2.0
603 12.0 3.0
604 12.0 4.0
605 12.0 5.0
606 12.0 6.0
607 12.0 7.0
608 12.0 8.0
609 12.0 9.0
610 12.0 10.0
611 12.0 11.0
612 12.0 12.0
613 12.0 13.0
614 12.0 14.0
615 12.0 15.0
616 12.0 16.0
617 12.0 17.0
618 12.0 18.0
619 12.0 19.0
620 12.0 20.0
621 12.0 21.0
622 12.0 22.0
623 12.0 23.0
624 12.0 24.0
625 12.0 25.0
626 12.0 26.0
627 12.0 27.0
628 12.0 28.0
629 12.0 29.0
630 12.0 30.0
631 12.0 31.0
632 12.0 32.0
633 12.0 33.0
634 12.0 34.0
635 12.0 35.0
636 12.0 36.0
637 12.0 37.0
638 12.0 38.0
639 12.0 39.0
640 12.0 40.0
641 12.0 41.0
642 12.0 42.0
643 12.0 43.0
644 12.0 44.0
645 12.0 45.0
646 12.0 46.0
647 12.0 47.0
648 12.0 48.0
649 12.0 49.0
650 13.0 0.0
651 13.0 1.0
652 13.0 2.0
653 13.0 3.0
654 13.0 4.0
655 13.0 5.0
656 13.0 6.0
657 13.0 7.0
658 13.0 8.0
659 13.0 9.0
660 13.0 10.0
661 13.0 11.0
662 13.0 12.0
663 13.0 13.0
664 13.0 14.0
665 13.0 15.0
666 13.0 16.0
667 13.0 17.0
668 13.0 18.0
669 13.0 19.0
670 13.0 20.0
671 13.0 21.0
672 13.0 22.0
673 13.0 23.0
674 13.0 24.0
675 13.0 25.0
676 13.0 26.0
677 13.0 27.0
678 13.0 28.0
679 13.0 29.0
680 13.0 30.0
681 13.0 31.0
682 13.0 32.0
683 13.0 33.0
684 13.0 34.0
685 13.0 35.0
686 13.0 36.0
687 13.0 37.0
688 13.0 38.0
689 13.0 39.0
690 13.0 40.0
691 13.0 41.0
692 13.0 42.0
693 13.0 43.0
694 13.0 44.0
695 13.0 45.0
696 13.0 46.0
697 13.0 47.0
698 13.0 48.0
699 13.0 49.0
700 14.0 0.0
701 14.0 1.0
702 14.0 2.0
703 14.0 3.0
704 14.0 4.0
705 14.0 5.0
706 14.0 6.0
707 14.0 7.0
708 14.0 8.0
709 14.0 9.0
710 14.0 10.0
711 14.0 11.0
712 14.0 12.0
713 14.0 13.0
714 14.0 14.0
715 14.0 15.0
716 14.0 16.0
717 14.0 17.0
718 14.0 18.0
719 14.0 19.0
720 14.0 20.0
721 14.0 21.0
722 14.0 22.0
723 14.0 23.0
724 14.0 24.0
725 14.0 25.0
726 14.0 26.0
727 14.0 27.0
728 14.0 28.0
729 14.0 29.0
730 14.0 30.0
731 14.0 31.0
732 14.0 32.0
733 14.0 33.0
734 14.0 34.0
735 14.0 35.0
736 14.0 36.0
737 14.0 37.0
738 14.0 38.0
739 14.0 39.0
740 14.0 40.0
741 14.0 41.0
742 14.0 42.0
743 14.0 43.0
744 14.0 44.0
745 14.0 45.0
746 14.0 46.0
747 14.0 47.0
748 14.0 48.0
749 14.0 49.0
750 15.0 0.0
751 15.0 1.0
752 15.0 2.0
753 15.0 3.0
754 15.0 4.0
755 15.0 5.0
756 15.0 6.0
757 15.0 7.0
758 15.0 8.0
759 15.0 9.0
760 15.0 10.0
761 15.0 11.0
762 15.0 12.0
763 15.0 13.0
764 15.0 14.0
765 15.0 15.0
766 15.0 16.0
767 15.0 17.0
768 15.0 18.0
769 15.0 19.0
770 15.0 20.0
771 15.0 21.0
772 15.0 22.0
773 15.0 23.0
774 15.0 24.0
775 15.0 25.0
776 15.0 26.0
777 15.0 27.0
778 15.0 28.0
779 15.0 29.0
780 15.0 30.0
781 15.0 31.0
782 15.0 32.0
783 15.0 33.0
784 15.0 34.0
785 15.0 35.0
786 15.0 36.0
787 15.0 37.0
788 15.0 38.0
789 15.0 39.0
790 15.0 40.0
791 15.0 41.0
792 15.0 42.0
793 15.0 43.0
794 15.0 44.0
795 15.0 45.0
796 15.0 46.0
797 15.0 47.0
798 15.0 48.0
799 15.0 49.0
800 16.0 0.0
801 16.0 1.0
802 16.0 2.0
803 16.0 3.0
804 16.0 4.0
805 16.0 5.0
806 16.0 6.0
807 16.0 7.0
808 16.0 8.0
809 16.0 9.0
810 16.0 10.0
811 16.0 11.0
812 16.0 12.0
813 16.0 13.0
814 16.0 14.0
815 16.0 15.0
816 16.0 16.0
817 16.0 17.0
818 16.0 18.0
819 16.0 19.0
820 16.0 20.0
821 16.0 21.0
822 16.0 22.0
823 16.0 23.0
824 16.0 24.0
825 16.0 25.0
826 16.0 26.0
827 16.0 27.0
828 16.0 28.0
829 16.0 29.0
830 16.0 30.0
831 16.0 31.0
832 16.0 32.0
833 16.0 33.0
834 16.0 34.0
835 16.0 35.0
836 16.0 36.0
837 16.0 37.0
838 16.0 38.0
839 16.0 39.0
840 16.0 40.0
841 16.0 41.0
842 16.0 42.0
843 16.0 43.0
844 16.0 44.0
845 16.0 45.0
846 16.0 46.0
847 16.0 47.0
848 16.0 48.0
849 16.0 49.0
850 17.0 0.0
851 17.0 1.0
852 17.0 2.0
853 17.0 3.0
854 17.0 4.0
855 17.0 5.0
856 17.0 6.0
857 17.0 7.0
858 17.0 8.0
859 17.0 9.0
860 17.0 10.0
861 17.0 11.0
862 17.0 12.0
863 17.0 13.0
864 17.0 14.0
865 17.0 15.0
866 17.0 16.0
867 17.0 17.0
868 17.0 18.0
869 17.0 19.0
870 17.0 20.0
871 17.0 21.0
872 17.0 22.0
873 17.0 23.0
874 17.0 24.0
875 17.0 25.0
876 17.0 26.0
877 17.0 27.0
878 17.0 28.0
879 17.0 29.0
880 17.0 30.0
881 17.0 31.0
882 17.0 32.0
883 17.0 33.0
884 17.0 34.0
885 17.0 35.0
886 17.0 36.0
887 17.0 37.0
888 17.0 38.0
889 17.0 39.0
890 17.0 40.0
891 17.0 41.0
892 17.0 42.0
893 17.0 43.0
894 17.0 44.0
895 17.0 45.0
896 17.0 46.0
897 17.0 47.0
898 17.0 48.0
899 17.0 49.0
900 18.0 0.0
901 18.0 1.0
902 18.0 2.0
903 18.0 3.0
904 18.0 4.0
905 18.0 5.0
906 18.0 6.0
907 18.0 7.0
908 18.0 8.0
909 18.0 9.0
910 18.0 10.0
911 18.0 11.0
912 18.0 12.0
913 18.0 13.0
914 18.0 14.0
915 18.0 15.0
916 18.0 16.0
917 18.0 17.0
918 18.0 18.0
919 18.0 19.0
920 18.0 20.0
921 18.0 21.0
922 18.0 22.0
923 18.0 23.0
924 18.0 24.0
925 18.0 25.0
926 18.0 26.0
927 18.0 27.0
928 18.0 28.0
929 18.0 29.0
930 18.0 30.0
931 18.0 31.0
932 18.0 32.0
933 18.0 33.0
934 18.0 34.0
935 18.0 35.0
936 18.0 36.0
937 18.0 37.0
938 18.0 38.0
939 18.0 39.0
940 18.0 40.0
941 18.0 41.0
942 18.0 42.0
943 18.0 43.0
944 18.0 44.0
945 18.0 45.0
946 18.0 46.0
947 18.0 47.0
948 18.0 48.0
949 18.0 49.0
950 19.0 0.0
951 19.0 1.0
952 19.0 2.0
953 19.0 3.0
954 19.0 4.0
955 19.0 5.0
956 19.0 6.0
957 19.0 7.0
958 19.0 8.0
959 19.0 9.0
960 19.0 10.0
961 19.0 11.0
962 19.0 12.0
963 19.0 13.0
964 19.0 14.0
965 19.0 15.0
966 19.0 16.0
967 19.0 17.0
968 19.0 18.0
969 19.0 19.0
970 19.0 20.0
971 19.0 21.0
972 19.0 22.0
973 19.0 23.0
974 19.0 24.0
975 19.0 25.0
976 19.0 26.0
977 19.0 27.0
978 19.0 28.0
979 19.0 29.0
980 19.0 30.0
981 19.0 31.0
982 19.0 32.0
983 19.0 33.0
984 19.0 34.0
985 19.0 35.0
986 19.0 36.0
987 19.0 37.0
988 19.0 38.0
989 19.0 39.0
990 19.0 40.0
991 19.0 41.0
992 19.0 42.0
993 19.0 43.0
994 19.0 44.0
995 19.0 45.0
996 19.0 46.0
997 19.0 47.0
998 19.0 48.0
999 19.0 49.0
1000 20.0 0.0
1001 20.0 1.0
1002 20.0 2.0
1003 20.0 3.0
1004 20.0 4.0
1005 20.0 5.0
1006 20.0 6.0
1007 20.0 7.0
1008 20.0 8.0
1009 20.0 9.0
1010 20.0 10.0
1011 20.0 11.0
1012 20.0 12.0
1013 20.0 13.0
1014 20.0 14.0
1015 20.0 15.0
1016 20.0 16.0
1017 20.0 17.0
1018 20.0 18.0
1019 20.0 19.0
1020 20.0 20.0
1021 20.0 21.0
1022 20.0 22.0
1023 20.0 23.0
1024 20.0 24.0
1025 20.0 25.0
1026 20.0 26.0
1027 20.0 27.0
1028 20.0 28.0
1029 20.0 29.0
1030 20.0 30.0
1031 20.0 31.0
1032 20.0 32.0
1033 20.0 33.0
1034 20.0 34.0
1035 20.0 35.0
1036 20.0 36.0
1037 20.0 37.0
1038 20.0 38.0
1039 20.0 39.0
1040 20.0 40.0
1041 20.0 41.0
1042 20.0 42.0
1043 20.0 43.0
1044 20.0 44.0
1045 20.0 45.0
1046 20.0 46.0
1047 20.0 47.0
1048 20.0 48.0
1049 20.0 49.0
1050 21.0 0.0
1051 21.0 1.0
1052 21.0 2.0
1053 21.0 3.0
1054 21.0 4.0
1055 21.0 5.0
1056 21.0 6.0
1057 21.0 7.0
1058 21.0 8.0
1059 21.0 9.0
1060 21.0 10.0
1061 21.0 11.0
1062 21.0 12.0
1063 21.0 13.0
1064 21.0 14.0
1065 21.0 15.0
1066 21.0 16.0
1067 21.0 17.0
1068 21.0 18.0
1069 21.0 19.0
1070 21.0 20.0
1071 21.0 21.0
1072 21.0 22.0
1073 21.0 23.0
1074 21.0 24.0
1075 21.0 25.0
1076 21.0 26.0
1077 21.0 27.0
1078 21.0 28.0
1079 21.0 29.0
1080 21.0 30.0
1081 21.0 31.0
1082 21.0 32.0
1083 21.0 33.0
1084 21.0 34.0
1085 21.0 35.0
1086 21.0 36.0
1087 21.0 37.0
1088 21.0 38.0
1089 21.0 39.0
1090 21.0 40.0
1091 21.0 41.0
1092 21.0 42.0
1093 21.0 43.0
1094 21.0 44.0
1095 21.0 45.0
1096 21.0 46.0
1097 21.0 47.0
1098 21.0 48.0
1099 21.0 49.0
1100 22.0 0.0
1101 22.0 1.0
1102 22.0 2.0
1103 22.0 3.0
1104 22.0 4.0
1105 22.0 5.0
1106 22.0 6.0
1107 22.0 7.0
1108 22.0 8.0
1109 22.0 9.0
1110 22.0 10.0
1111 22.0 11.0
1112 22.0 12.0
1113 22.0 13.0
1114 22.0 14.0
1115 22.0 15.0
1116 22.0 16.0
1117 22.0 17.0
1118 22.0 18.0
1119 22.0 19.0
1120 22.0 20.0
1121 22.0 21.0
1122 22.0 22.0
1123 22.0 23.0
1124 22.0 24.0
1125 22.0 25.0
1126 22.0 26.0
1127 22.0 27.0
1128 22.0 28.0
1129 22.0 29.0
1130 22.0 30.0
1131 22.0 31.0
1132 22.0 32.0
1133 22.0 33.0
1134 22.0 34.0
1135 22.0 35.0
1136 22.0 36.0
1137 22.0 37.0
1138 22.0 38.0
1139 22.0 39.0
1140 22.0 40.0
1141 22.0 41.0
1142 22.0 42.0
1143 22.0 43.0
1144 22.0 44.0
1145 22.0 45.0
1146 22.0 46.0
1147 22.0 47.0
1148 22.0 48.0
1149 22.0 49.0
1150 23.0 0.0
1151 23.0 1.0
1152 23.0 2.0
1153 23.0 3.0
1154 23.0 4.0
1155 23.0 5.0
1156 23.0 6.0
1157 23.0 7.0
1158 23.0 8.0
1159 23.0 9.0
1160 23.0 10.0
1161 23.0 11.0
1162 23.0 12.0
1163 23.0 13.0
1164 23.0 14.0
1165 23.0 15.0
1166 23.0 16.0
1167 23.0 17.0
1168 23.0 18.0
1169 23.0 19.0
1170 23.0 20.0
1171 23.0 21.0
1172 23.0 22.0
1173 23.0 23.0
1174 23.0 24.0
1175 23.0 25.0
1176 23.0 26.0
1177 23.0 27.0
1178 23.0 28.0
1179 23.0 29.0
1180 23.0 30.0
1181 23.0 31.0
1182 23.0 32.0
1183 23.0 33.0
1184 23.0 34.0
1185 23.0 35.0
1186 23.0 36.0
1187 23.0 37.0
1188 23.0 38.0
1189 23.0 39.0
1190 23.0 40.0
1191 23.0 41.0
1192 23.0 42.0
1193 23.0 43.0
1194 23.0 44.0
1195 23.0 45.0
1196 23.0 46.0
1197 23.0 47.0
1198 23.0 48.0
1199 23.0 49.0
1200 24.0 0.0
1201 24.0 1.0
1202 24.0 2.0
1203 24.0 3.0
1204 24.0 4.0
1205 24.0 5.0
1206 24.0 6.0
1207 24.0 7.0
1208 24.0 8.0
1209 24.0 9.0
1210 24.0 10.0
1211 24.0 11.0
1212 24.0 12.0
1213 24.0 13.0
1214 24.0 14.0
1215 24.0 15.0
1216 24.0 16.0
1217 24.0 17.0
1218 24.0 18.0
1219 24.0 19.0
1220 24.0 20.0
1221 24.0 21.0
1222 24.0 22.0
1223 24.0 23.0
1224 24.0 24.0
1225 24.0 25.0
1226 24.0 26.0
1227 24.0 27.0
1228 24.0 28.0
1229 24.0 29.0
1230 24.0 30.0
1231 24.0 31.0
1232 24.0 32.0
1233 24.0 33.0
1234 24.0 34.0
1235 24.0 35.0
1236 24.0 36.0
1237 24.0 37.0
1238 24.0 38.0
1239 24.0 39.0
1240 24.0 40.0
1241 24.0 41.0
1242 24.0 42.0
1243 24.0 43.0
1244 24.0 44.0
1245 24.0 45.0
1246 24.0 46.0
1247 24.0 47.0
1248 24.0 48.0
1249 24.0 49.0
1250 25.0 0.0
1251 25.0 1.0
1252 25.0 2.0
1253 25.0 3.0
1254 25.0 4.0
1255 25.0 5.0
1256 25.0 6.0
1257 25.0 7.0
1258 25.0 8.0
1259 25.0 9.0
1260 25.0 10.0
1261 25.0 11.0
1262 25.0 12.0
1263 25.0 13.0
1264 25.0 14.0
1265 25.0 15.0
1266 25.0 16.0
1267 25.0 17.0
1268 25.0 18.0
1269 25.0 19.0
1270 25.0 20.0
1271 25.0 21.0
1272 25.0 22.0
1273 25.0 23.0
1274 25.0 24.0
1275 25.0 25.0
1276 25.0 26.0
1277 25.0 27.0
1278 25.0 28.0
1279 25.0 29.0
1280 25.0 30.0
1281 25.0 31.0
1282 25.0 32.0
1283 25.0 33.0
1284 25.0 34.0
1285 25.0 35.0
1286 25.0 36.0
1287 25.0 37.0
1288 25.0 38.0
1289 25.0 39.0
1290 25.0 40.0
1291 25.0 41.0
1292 25.0 42.0
1293 25.0 43.0
1294 25.0 44.0
1295 25.0 45.0
1296 25.0 46.0
1297 25.0 47.0
1298 25.0 48.0
1299 25.0 49.0
1300 26.0 0.0
1301 26.0 1.0
1302 26.0 2.0
1303 26.0 3.0
1304 26.0 4.0
1305 26.0 5.0
1306 26.0 6.0
1307 26.0 7.0
1308 26.0 8.0
1309 26.0 9.0
1310 26.0 10.0
1311 26.0 11.0
1312 26.0 12.0
1313 26.0 13.0
1314 26.0 14.0
1315 26.0 15.0
1316 26.0 16.0
1317 26.0 17.0
1318 26.0 18.0
1319 26.0 19.0
1320 26.0 20.0
1321 26.0 21.0
1322 26.0 22.0
1323 26.0 23.0
1324 26.0 24.0
1325 26.0 25.0
1326 26.0 26.0
1327 26.0 27.0
1328 26.0 28.0
1329 26.0 29.0
1330 26.0 30.0
1331 26.0 31.0
1332 26.0 32.0
1333 26.0 33.0
1334 26.0 34.0
1335 26.0 35.0
1336 26.0 36.0
1337 26.0 37.0
1338 26.0 38.0
1339 26.0 39.0
1340 26.0 40.0
1341 26.0 41.0
1342 26.0 42.0
1343 26.0 43.0
1344 26.0 44.0
1345 26.0 45.0
1346 26.0 46.0
1347 26.0 47.0
1348 26.0 48.0
1349 26.0 49.0
1350 27.0 0.0
1351 27.0 1.0
1352 27.0 2.0
1353 27.0 3.0
1354 27.0 4.0
1355 27.0 5.0
1356 27.0 6.0
1357 27.0 7.0
1358 27.0 8.0
1359 27.0 9.0
1360 27.0 10.0
1361 27.0 11.0
1362 27.0 12.0
1363 27.0 13.0
1364 27.0 14.0
1365 27.0 15.0
1366 27.0 16.0
1367 27.0 17.0
1368 27.0 18.0
1369 27.0 19.0
1370 27.0 20.0
1371 27.0 21.0
1372 27.0 22.0
1373 27.0 23.0
1374 27.0 24.0
1375 27.0 25.0
1376 27.0 26.0
1377 27.0 27.0
1378 27.0 28.0
1379 27.0 29.0
1380 27.0 30.0
1381 27.0 31.0
1382 27.0 32.0
1383 27.0 33.0
1384 27.0 34.0
1385 27.0 35.0
1386 27.0 36.0
1387 27.0 37.0
1388 27.0 38.0
1389 27.0 39.0
1390 27.0 40.0
1391 27.0 41.0
1392 27.0 42.0
1393 27.0 43.0
1394 27.0 44.0
1395 27.0 45.0
1396 27.0 46.0
1397 27.0 47.0
1398 27.0 48.0
1399 27.0 49.0
1400 28.0 0.0
1401 28.0 1.0
1402 28.0 2.0
1403 28.0 3.0
1404 28.0 4.0
1405 28.0 5.0
1406 28.0 6.0
1407 28.0 7.0
1408 28.0 8.0
1409 28.0 9.0
1410 28.0 10.0
1411 28.0 11.0
1412 28.0 12.0
1413 28.0 13.0
1414 28.0 14.0
1415 28.0 15.0
1416 28.0 16.0
1417 28.0 17.0
1418 28.0 18.0
1419 28.0 19.0
1420 28.0 20.0
1421 28.0 21.0
1422 28.0 22.0
1423 28.0 23.0
1424 28.0 24.0
1425 28.0 25.0
1426 28.0 26.0
1427 28.0 27.0
1428 28.0 28.0
1429 28.0 29.0
1430 28.0 30.0
1431 28.0 31.0
1432 28.0 32.0
1433 28.0 33.0
1434 28.0 34.0
1435 28.0 35.0
1436 28.0 36.0
1437 28.0 37.0
1438 28.0 38.0
1439 28.0 39.0
1440 28.0 40.0
1441 28.0 41.0
1442 28.0 42.0
1443 28.0 43.0
1444 28.0 44.0
1445 28.0 45.0
1446 28.0 46.0
1447 28.0 47.0
1448 28.0 48.0
1449 28.0 49.0
1450 29.0 0.0
1451 29.0 1.0
1452 29.0 2.0
1453 29.0 3.0
1454 29.0 4.0
1455 29.0 5.0
1456 29.0 6.0
1457 29.0 7.0
1458 29.0 8.0
1459 29.0 9.0
1460 29.0 10.0
1461 29.0 11.0
1462 29.0 12.0
1463 29.0 13.0
1464 29.0 14.0
1465 29.0 15.0
1466 29.0 16.0
1467 29.0 17.0
1468 29.0 18.0
1469 29.0 19.0
1470 29.0 20.0
1471 29.0 21.0
1472 29.0 22.0
1473 29.0 23.0
1474 29.0 24.0
1475 29.0 25.0
1476 29.0 26.0
1477 29.0 27.0
1478 29.0 28.0
1479 29.0 29.0
1480 29.0 30.0
1481 29.0 31.0
1482 29.0 32.0
1483 29.0 33.0
1484 29.0 34.0
1485 29.0 35.0
1486 29.0 36.0
1487 29.0 37.0
1488 29.0 38.0
1489 29.0 39.0
1490 29.0 40.0
1491 29.0 41.0
1492 29.0 42.0
1493 29.0 43.0
1494 29.0 44.0
1495 29.0 45.0
1496 29.0 46.0
1497 29.0 47.0
1498 29.0 48.0
1499 29.0 49.0
1500 30.0 0.0
1501 30.0 1.0
1502 30.0 2.0
1503 30.0 3.0
1504 30.0 4.0
1505 30.0 5.0
1506 30.0 6.0
1507 30.0 7.0
1508 30.0 8.0
1509 30.0 9.0
1510 30.0 10.0
1511 30.0 11.0
1512 30.0 12.0
1513 30.0 13.0
1514 30.0 14.0
1515 30.0 15.0
1516 30.0 16.0
1517 30.0 17.0
1518 30.0 18.0
1519 30.0 19.0
1520 30.0 20.0
1521 30.0 21.0
1522 30.0 22.0
1523 30.0 23.0
1524 30.0 24.0
1525 30.0 25.0
1526 30.0 26.0
1527 30.0 27.0
1528 30.0 28.0
1529 30.0 29.0
1530 30.0 30.0
1531 30.0 31.0
1532 30.0 32.0
1533 30.0 33.0
1534 30.0 34.0
1535 30.0 35.0
1536 30.0 36.0
1537 30.0 37.0
1538 30.0 38.0
1539 30.0 39.0
1540 30.0 40.0
1541 30.0 41.0
1542 30.0 42.0
1543 30.0 43.0
1544 30.0 44.0
1545 30.0 45.0
1546 30.0 46.0
1547 30.0 47.0
1548 30.0 48.0
1549 30.0 49.0
1550 31.0 0.0
1551 31.0 1.0
1552 31.0 2.0
1553 31.0 3.0
1554 31.0 4.0
1555 31.0 5.0
1556 31.0 6.0
1557 31.0 7.0
1558 31.0 8.0
1559 31.0 9.0
1560 31.0 10.0
1561 31.0 11.0
1562 31.0 12.0
1563 31.0 13.0
1564 31.0 14.0
1565 31.0 15.0
1566 31.0 16.0
1567 31.0 17.0
1568 31.0 18.0
1569 31.0 19.0
1570 31.0 20.0
1571 31.0 21.0
1572 31.0 22.0
1573 31.0 23.0
1574 31.0 24.0
1575 31.0 25.0
1576 31.0 26.0
1577 31.0 27.0
1578 31.0 28.0
1579 31.0 29.0
1580 31.0 30.0
1581 31.0 31.0
1582 31.0 32.0
1583 31.0 33.0
1584 31.0 34.0
1585 31.0 35.0
1586 31.0 36.0
1587 31.0 37.0
1588 31.0 38.0
1589 31.0 39.0
1590 31.0 40.0
1591 31.0 41.0
1592 31.0 42.0
1593 31.0 43.0
1594 31.0 44.0
1595 31.0 45.0
1596 31.0 46.0
1597 31.0 47.0
1598 31.0 48.0
1599 31.0 49.0
1600 32.0 0.0
1601 32.0 1.0
1602 32.0 2.0
1603 32.0 3.0
1604 32.0 4.0
1605 32.0 5.0
1606 32.0 6.0
1607 32.0 7.0
1608 32.0 8.0
1609 32.0 9.0
1610 32.0 10.0
1611 32.0 11.0
1612 32.0 12.0
1613 32.0 13.0
1614 32.0 14.0
1615 32.0 15.0
1616 32.0 16.0
1617 32.0 17.0
1618 32.0 18.0
1619 32.0 19.0
1620 32.0 20.0
1621 32.0 21.0
1622 32.0 22.0
1623 32.0 23.0
1624 32.0 24.0
1625 32.0 25.0
1626 32.0 26.0
1627 32.0 27.0
1628 32.0 28.0
1629 32.0 29.0
1630 32.0 30.0
1631 32.0 31.0
1632 32.0 32.0
1633 32.0 33.0
1634 32.0 34.0
1635 32.0 35.0
1636 32.0 36.0
1637 32.0 37.0
1638 32.0 38.0
1639 32.0 39.0
1640 32.0 40.0
1641 32.0 41.0
1642 32.0 42.0
1643 32.0 43.0
1644 32.0 44.0
1645 32.0 45.0
1646 32.0 46.0
1647 32.0 47.0
1648 32.0 48.0
1649 32.0 49.0
1650 33.0 0.0
1651 33.0 1.0
1652 33.0 2.0
1653 33.0 3.0
1654 33.0 4.0
1655 33.0 5.0
1656 33.0 6.0
1657 33.0 7.0
1658 33.0 8.0
1659 33.0 9.0
1660 33.0 10.0
1661 33.0 11.0
1662 33.0 12.0
1663 33.0 13.0
1664 33.0 14.0
1665 33.0 15.0
1666 33.0 16.0
1667 33.0 17.0
1668 33.0 18.0
1669 33.0 19.0
1670 33.0 20.0
1671 33.0 21.0
1672 33.0 22.0
1673 33.0 23.0
1674 33.0 24.0
1675 33.0 25.0
1676 33.0 26.0
1677 33.0 27.0
1678 33.0 28.0
1679 33.0 29.0
1680 33.0 30.0
1681 33.0 31.0
1682 33.0 32.0
1683 33.0 33.0
1684 33.0 34.0
1685 33.0 35.0
1686 33.0 36.0
1687 33.0 37.0
1688 33.0 38.0
1689 33.0 39.0
1690 33.0 40.0
1691 33.0 41.0
1692 33.0 42.0
1693 33.0 43.0
1694 33.0 44.0
1695 33.0 45.0
1696 33.0 46.0
1697 33.0 47.0
1698 33.0 48.0
1699 33.0 49.0
1700 34.0 0.0
1701 34.0 1.0
1702 34.0 2.0
1703 34.0 3.0
1704 34.0 4.0
1705 34.0 5.0
1706 34.0 6.0
1707 34.0 7.0
1708 34.0 8.0
1709 34.0 9.0
1710 34.0 10.0
1711 34.0 11.0
1712 34.0 12.0
1713 34.0 13.0
1714 34.0 14.0
1715 34.0 15.0
1716 34.0 16.0
1717 34.0 17.0
1718 34.0 18.0
1719 34.0 19.0
1720 34.0 20.0
1721 34.0 21.0
1722 34.0 22.0
1723 34.0 23.0
1724 34.0 24.0
1725 34.0 25.0
1726 34.0 26.0
1727 34.0 27.0
1728 34.0 28.0
1729 34.0 29.0
1730 34.0 30.0
1731 34.0 31.0
1732 34.0 32.0
1733 34.0 33.0
1734 34.0 34.0
1735 34.0 35.0
1736 34.0 36.0
1737 34.0 37.0
1738 34.0 38.0
1739 34.0 39.0
1740 34.0 40.0
1741 34.0 41.0
1742 34.0 42.0
1743 34.0 43.0
1744 34.0 44.0
1745 34.0 45.0
1746 34.0 46.0
1747 34.0 47.0
1748 34.0 48.0
1749 34.0 49.0
1750 35.0 0.0
1751 35.0 1.0
1752 35.0 2.0
1753 35.0 3.0
1754 35.0 4.0
1755 35.0 5.0
1756 35.0 6.0
1757 35.0 7.0
1758 35.0 8.0
1759 35.0 9.0
1760 35.0 10.0
1761 35.0 11.0
1762 35.0 12.0
1763 35.0 13.0
1764 35.0 14.0
1765 35.0 15.0
1766 35.0 16.0
1767 35.0 17.0
1768 35.0 18.0
1769 35.0 19.0
1770 35.0 20.0
1771 35.0 21.0
1772 35.0 22.0
1773 35.0 23.0
1774 35.0 24.0
1775 35.0 25.0
1776 35.0 26.0
1777 35.0 27.0
1778 35.0 28.0
1779 35.0 29.0
1780 35.0 30.0
1781 35.0 31.0
1782 35.0 32.0
1783 35.0 33.0
1784 35.0 34.0
1785 35.0 35.0
1786 35.0 36.0
1787 35.0 37.0
1788 35.0 38.0
1789 35.0 39.0
1790 35.0 40.0
1791 35.0 41.0
1792 35.0 42.0
1793 35.0 43.0
1794 35.0 44.0
1795 35.0 45.0
1796 35.0 46.0
1797 35.0 47.0
1798 35.0 48.0
1799 35.0 49.0
1800 36.0 0.0
1801 36.0 1.0
1802 36.0 2.0
1803 36.0 3.0
1804 36.0 4.0
1805 36.0 5.0
1806 36.0 6.0
1807 36.0 7.0
1808 36.0 8.0
1809 36.0 9.0
1810 36.0 10.0
1811 36.0 11.0
1812 36.0 12.0
1813 36.0 13.0
1814 36.0 14.0
1815 36.0 15.0
1816 36.0 16.0
1817 36.0 17.0
1818 36.0 18.0
1819 36.0 19.0
1820 36.0 20.0
1821 36.0 21.0
1822 36.0 22.0
1823 36.0 23.0
1824 36.0 24.0
1825 36.0 25.0
1826 36.0 26.0
1827 36.0 27.0
1828 36.0 28.0
1829 36.0 29.0
1830 36.0 30.0
1831 36.0 31.0
1832 36.0 32.0
1833 36.0 33.0
1834 36.0 34.0
1835 36.0 35.0
1836 36.0 36.0
1837 36.0 37.0
1838 36.0 38.0
1839 36.0 39.0
1840 36.0 40.0
1841 36.0 41.0
1842 36.0 42.0
1843 36.0 43.0
1844 36.0 44.0
1845 36.0 45.0
1846 36.0 46.0
1847 36.0 47.0
1848 36.0 48.0
1849 36.0 49.0
1850 37.0 0.0
1851 37.0 1.0
1852 37.0 2.0
1853 37.0 3.0
1854 37.0 4.0
1855 37.0 5.0
1856 37.0 6.0
1857 37.0 7.0
1858 37.0 8.0
1859 37.0 9.0
1860 37.0 10.0
1861 37.0 11.0
1862 37.0 12.0
1863 37.0 13.0
1864 37.0 14.0
1865 37.0 15.0
1866 37.0 16.0
1867 37.0 17.0
1868 37.0 18.0
1869 37.0 19.0
1870 37.0 20.0
1871 37.0 21.0
1872 37.0 22.0
1873 37.0 23.0
1874 37.0 24.0
1875 37.0 25.0
1876 37.0 26.0
1877 37.0 27.0
1878 37.0 28.0
1879 37.0 29.0
1880 37.0 30.0
1881 37.0 31.0
1882 37.0 32.0
1883 37.0 33.0
1884 37.0 34.0
1885 37.0 35.0
1886 37.0 36.0
1887 37.0 37.0
1888 37.0 38.0
1889 37.0 39.0
1890 37.0 40.0
1891 37.0 41.0
1892 37.0 42.0
1893 37.0 43.0
1894 37.0 44.0
1895 37.0 45.0
1896 37.0 46.0
1897 37.0 47.0
1898 37.0 48.0
1899 37.0 49.0
1900 38.0 0.0
1901 38.0 1.0
1902 38.0 2.0
1903 38.0 3.0
1904 38.0 4.0
1905 38.0 5.0
1906 38.0 6.0
1907 38.0 7.0
1908 38.0 8.0
1909 38.0 9.0
1910 38.0 10.0
1911 38.0 11.0
1912 38.0 12.0
1913 38.0 13.0
1914 38.0 14.0
1915 38.0 15.0
1916 38.0 16.0
1917 38.0 17.0
1918 38.0 18.0
1919 38.0 19.0
1920 38.0 20.0
1921 38.0 21.0
1922 38.0 22.0
1923 38.0 23.0
1924 38.0 24.0
1925 38.0 25.0
1926 38.0 26.0
1927 38.0 27.0
1928 38.0 28.0
1929 38.0 29.0
1930 38.0 30.0
1931 38.0 31.0
1932 38.0 32.0
1933 38.0 33.0
1934 38.0 34.0
1935 38.0 35.0
1936 38.0 36.0
1937 38.0 37.0
1938 38.0 38.0
1939 38.0 39.0
1940 38.0 40.0
1941 38.0 41.0
1942 38.0 42.0
1943 38.0 43.0
1944 38.0 44.0
1945 38.0 45.0
1946 38.0 46.0
1947 38.0 47.0
1948 38.0 48.0
1949 38.0 49.0
1950 39.0 0.0
1951 39.0 1.0
1952 39.0 2.0
1953 39.0 3.0
1954 39.0 4.0
1955 39.0 5.0
1956 39.0 6.0
1957 39.0 7.0
1958 39.0 8.0
1959 39.0 9.0
1960 39.0 10.0
1961 39.0 11.0
1962 39.0 12.0
1963 39.0 13.0
1964 39.0 14.0
1965 39.0 15.0
1966 39.0 16.0
1967 39.0 17.0
1968 39.0 18.0
1969 39.0 19.0
1970 39.0 20.0
1971 39.0 21.0
1972 39.0 22.0
1973 39.0 23.0
1974 39.0 24.0
1975 39.0 25.0
1976 39.0 26.0
1977 39.0 27.0
1978 39.0 28.0
1979 39.0 29.0
1980 39.0 30.0
1981 39.0 31.0
1982 39.0 32.0
1983 39.0 33.0
1984 39.0 34.0
1985 39.0 35.0
1986 39.0 36.0
1987 39.0 37.0
1988 39.0 38.0
1989 39.0 39.0
1990 39.0 40.0
1991 39.0 41.0
1992 39.0 42.0
1993 39.0 43.0
1994 39.0 44.0
1995 39.0 45.0
1996 39.0 46.0
1997 39.0 47.0
1998 39.0 48.0
1999 39.0 49.0
2000 40.0 0.0
2001 40.0 1.0
2002 40.0 2.0
2003 40.0 3.0
2004 40.0 4.0
2005 40.0 5.0
2006 40.0 6.0
2007 40.0 7.0
2008 40.0 8.0
2009 40.0 9.0
2010 40.0 10.0
2011 40.0 11.0
2012 40.0 12.0
2013 40.0 13.0
2014 40.0 14.0
2015 40.0 15.0
2016 40.0 16.0
2017 40.0 17.0
2018 40.0 18.0
2019 40.0 19.0
2020 40.0 20.0
2021 40.0 21.0
2022 40.0 22.0
2023 40.0 23.0
2024 40.0 24.0
2025 40.0 25.0
2026 40.0 26.0
2027 40.0 27.0
2028 40.0 28.0
2029 40.0 29.0
2030 40.0 30.0
2031 40.0 31.0
2032 40.0 32.0
2033 40.0 33.0
2034 40.0 34.0
2035 40.0 35.0
2036 40.0 36.0
2037 40.0 37.0
2038 40.0 38.0
2039 40.0 39.0
2040 40.0 40.0
2041 40.0 41.0
2042 40.0 42.0
2043 40.0 43.0
2044 40.0 44.0
2045 40.0 45.0
2046 40.0 46.0
2047 40.0 47.0
2048 40.0 48.0
2049 40.0 49.0
2050 41.0 0.0
2051 41.0 1.0
2052 41.0 2.0
2053 41.0 3.0
2054 41.0 4.0
2055 41.0 5.0
2056 41.0 6.0
2057 41.0 7.0
2058 41.0 8.0
2059 41.0 9.0
2060 41.0 10.0
2061 41.0 11.0
2062 41.0 12.0
2063 41.0 13.0
2064 41.0 14.0
2065 41.0 15.0
2066 41.0 16.0
2067 41.0 17.0
2068 41.0 18.0
2069 41.0 19.0
2070 41.0 20.0
2071 41.0 21.0
2072 41.0 22.0
2073 41.0 23.0
2074 41.0 24.0
2075 41.0 25.0
2076 41.0 26.0
2077 41.0 27.0
2078 41.0 28.0
2079 41.0 29.0
2080 41.0 30.0
2081 41.0 31.0
2082 41.0 32.0
2083 41.0 33.0
2084 41.0 34.0
2085 41.0 35.0
2086 41.0 36.0
2087 41.0 37.0
2088 41.0 38.0
2089 41.0 39.0
2090 41.0 40.0
2091 41.0 41.0
2092 41.0 42.0
2093 41.0 43.0
2094 41.0 44.0
2095 41.0 45.0
2096 41.0 46.0
2097 41.0 47.0
2098 41.0 48.0
2099 41.0 49.0
2100 42.0 0.0
2101 42.0 1.0
2102 42.0 2.0
2103 42.0 3.0
2104 42.0 4.0
2105 42.0 5.0
2106 42.0 6.0
2107 42.0 7.0
2108 42.0 8.0
2109 42.0 9.0
2110 42.0 10.0
2111 42.0 11.0
2112 42.0 12.0
2113 42.0 13.0
2114 42.0 14.0
2115 42.0 15.0
2116 42.0 16.0
2117 42.0 17.0
2118 42.0 18.0
2119 42.0 19.0
2120 42.0 20.0
2121 42.0 21.0
2122 42.0 22.0
2123 42.0 23.0
2124 42.0 24.0
2125 42.0 25.0
2126 42.0 26.0
2127 42.0 27.0
2128 42.0 28.0
2129 42.0 29.0
2130 42.0 30.0
2131 42.0 31.0
2132 42.0 32.0
2133 42.0 33.0
2134 42.0 34.0
2135 42.0 35.0
2136 42.0 36.0
2137 42.0 37.0
2138 42.0 38.0
2139 42.0 39.0
2140 42.0 40.0
2141 42.0 41.0
2142 42.0 42.0
2143 42.0 43.0
2144 42.0 44.0
2145 42.0 45.0
2146 42.0 46.0
2147 42.0 47.0
2148 42.0 48.0
2149 42.0 49.0
2150 43.0 0.0
2151 43.0 1.0
2152 43.0 2.0
2153 43.0 3.0
2154 43.0 4.0
2155 43.0 5.0
2156 43.0 6.0
2157 43.0 7.0
2158 43.0 8.0
2159 43.0 9.0
2160 43.0 10.0
2161 43.0 11.0
2162 43.0 12.0
2163 43.0 13.0
2164 43.0 14.0
2165 43.0 15.0
2166 43.0 16.0
2167 43.0 17.0
2168 43.0 18.0
2169 43.0 19.0
2170 43.0 20.0
2171 43.0 21.0
2172 43.0 22.0
2173 43.0 23.0
2174 43.0 24.0
2175 43.0 25.0
2176 43.0 26.0
2177 43.0 27.0
2178 43.0 28.0
2179 43.0 29.0
2180 43.0 30.0
2181 43.0 31.0
2182 43.0 32.0
2183 43.0 33.0
2184 43.0 34.0
2185 43.0 35.0
2186 43.0 36.0
2187 43.0 37.0
2188 43.0 38.0
2189 43.0 39.0
2190 43.0 40.0
2191 43.0 41.0
2192 43.0 42.0
2193 43.0 43.0
2194 43.0 44.0
2195 43.0 45.0
2196 43.0 46.0
2197 43.0 47.0
2198 43.0 48.0
2199 43.0 49.0
2200 44.0 0.0
2201 44.0 1.0
2202 44.0 2.0
2203 44.0 3.0
2204 44.0 4.0
2205 44.0 5.0
2206 44.0 6.0
2207 44.0 7.0
2208 44.0 8.0
2209 44.0 9.0
2210 44.0 10.0
2211 44.0 11.0
2212 44.0 12.0
2213 44.0 13.0
2214 44.0 14.0
2215 44.0 15.0
2216 44.0 16.0
2217 44.0 17.0
2218 44.0 18.0
2219 44.0 19.0
2220 44.0 20.0
2221 44.0 21.0
2222 44.0 22.0
2223 44.0 23.0
2224 44.0 24.0
2225 44.0 25.0
2226 44.0 26.0
2227 44.0 27.0
2228 44.0 28.0
2229 44.0 29.0
2230 44.0 30.0
2231 44.0 31.0
2232 44.0 32.0
2233 44.0 33.0
2234 44.0 34.0
2235 44.0 35.0
2236 44.0 36.0
2237 44.0 37.0
2238 44.0 38.0
2239 44.0 39.0
2240 44.0 40.0
2241 44.0 41.0
2242 44.0 42.0
2243 44.0 43.0
2244 44.0 44.0
2245 44.0 45.0
2246 44.0 46.0
2247 44.0 47.0
2248 44.0 48.0
2249 44.0 49.0
2250 45.0 0.0
2251 45.0 1.0
2252 45.0 2.0
2253 45.0 3.0
2254 45.0 4.0
2255 45.0 5.0
2256 45.0 6.0
2257 45.0 7.0
2258 45.0 8.0
2259 45.0 9.0
2260 45.0 10.0
2261 45.0 11.0
2262 45.0 12.0
2263 45.0 13.0
2264 45.0 14.0
2265 45.0 15.0
2266 45.0 16.0
2267 45.0 17.0
2268 45.0 18.0
2269 45.0 19.0
2270 45.0 20.0
2271 45.0 21.0
2272 45.0 22.0
2273 45.0 23.0
2274 45.0 24.0
2275 45.0 25.0
2276 45.0 26.0
2277 45.0 27.0
2278 45.0 28.0
2279 45.0 29.0
2280 45.0 30.0
2281 45.0 31.0
2282 45.0 32.0
2283 45.0 33.0
2284 45.0 34.0
2285 45.0 35.0
2286 45.0 36.0
2287 45.0 37.0
2288 45.0 38.0
2289 45.0 39.0
2290 45.0 40.0
2291 45.0 41.0
2292 45.0 42.0
2293 45.0 43.0
2294 45.0 44.0
2295 45.0 45.0
2296 45.0 46.0
2297 45.0 47.0
2298 45.0 48.0
2299 45.0 49.0
2300 46.0 0.0
2301 46.0 1.0
2302 46.0 2.0
2303 46.0 3.0
2304 46.0 4.0
2305 46.0 5.0
2306 46.0 6.0
2307 46.0 7.0
2308 46.0 8.0
2309 46.0 9.0
2310 46.0 10.0
2311 46.0 11.0
2312 46.0 12.0
2313 46.0 13.0
2314 46.0 14.0
2315 46.0 15.0
2316 46.0 16.0
2317 46.0 17.0
2318 46.0 18.0
2319 46.0 19.0
2320 46.0 20.0
2321 46.0 21.0
2322 46.0 22.0
2323 46.0 23.0
2324 46.0 24.0
2325 46.0 25.0
2326 46.0 26.0
2327 46.0 27.0
2328 46.0 28.0
2329 46.0 29.0
2330 46.0 30.0
2331 46.0 31.0
2332 46.0 32.0
2333 46.0 33.0
2334 46.0 34.0
2335 46.0 35.0
2336 46.0 36.0
2337 46.0 37.0
2338 46.0 38.0
2339 46.0 39.0
2340 46.0 40.0
2341 46.0 41.0
2342 46.0 42.0
2343 46.0 43.0
2344 46.0 44.0
2345 46.0 45.0
2346 46.0 46.0
2347 46.0 47.0
2348 46.0 48.0
2349 46.0 49.0
2350 47.0 0.0
2351 47.0 1.0
2352 47.0 2.0
2353 47.0 3.0
2354 47.0 4.0
2355 47.0 5.0
2356 47.0 6.0
2357 47.0 7.0
2358 47.0 8.0
2359 47.0 9.0
2360 47.0 10.0
2361 47.0 11.0
2362 47.0 12.0
2363 47.0 13.0
2364 47.0 14.0
2365 47.0 15.0
2366 47.0 16.0
2367 47.0 17.0
2368 47.0 18.0
2369 47.0 19.0
2370 47.0 20.0
2371 47.0 21.0
2372 47.0 22.0
2373 47.0 23.0
2374 47.0 24.0
2375 47.0 25.0
2376 47.0 26.0
2377 47.0 27.0
2378 47.0 28.0
2379 47.0 29.0
2380 47.0 30.0
2381 47.0 31.0
2382 47.0 32.0
2383 47.0 33.0
2384 47.0 34.0
2385 47.0 35.0
2386 47.0 36.0
2387 47.0 37.0
2388 47.0 38.0
2389 47.0 39.0
2390 47.0 40.0
2391 47.0 41.0
2392 47.0 42.0
2393 47.0 43.0
2394 47.0 44.0
2395 47.0 45.0
2396 47.0 46.0
2397 47.0 47.0
2398 47.0 48.0
2399 47.0 49.0
2400 48.0 0.0
2401 48.0 1.0
2402 48.0 2.0
2403 48.0 3.0
2404 48.0 4.0
2405 48.0 5.0
2406 48.0 6.0
2407 48.0 7.0
2408 48.0 8.0
2409 48.0 9.0
2410 48.0 10.0
2411 48.0 11.0
2412 48.0 12.0
2413 48.0 13.0
2414 48.0 14.0
2415 48.0 15.0
2416 48.0 16.0
2417 48.0 17.0
2418 48.0 18.0
2419 48.0 19.0
2420 48.0 20.0
2421 48.0 21.0
2422 48.0 22.0
2423 48.0 23.0
2424 48.0 24.0
2425 48.0 25.0
2426 48.0 26.0
2427 48.0 27.0
2428 48.0 28.0
2429 48.0 29.0
2430 48.0 30.0
2431 48.0 31.0
2432 48.0 32.0
2433 48.0 33.0
2434 48.0 34.0
2435 48.0 35.0
2436 48.0 36.0
2437 48.0 37.0
2438 48.0 38.0
2439 48.0 39.0
2440 48.0 40.0
2441 48.0 41.0
2442 48.0 42.0
2443 48.0 43.0
2444 48.0 44.0
2445 48.0 45.0
2446 48.0 46.0
2447 48.0 47.0
2448 48.0 48.0
2449 48.0 49.0
2450 49.0 0.0
2451 49.0 1.0
2452 49.0 2.0
2453 49.0 3.0
2454 49.0 4.0
2455 49.0 5.0
2456 49.0 6.0
2457 49.0 7.0
2458 49.0 8.0
2459 49.0 9.0
2460 49.0 10.0
2461 49.0 11.0
2462 49.0 12.0
2463 49.0 13.0
2464 49.0 14.0
2465 49.0 15.0
2466 49.0 16.0
2467 49.0 17.0
2468 49.0 18.0
2469 49.0 19.0
2470 49.0 20.0
2471 49.0 21.0
2472 49.0 22.0
2473 49.0 23.0
2474 49.0 24.0
2475 49.0 25.0
2476 49.0 26.0
2477 49.0 27.0
2478 49.0 28.0
2479 49.0 29.0
2480 49.0 30.0
2481 49.0 31.0
2482 49.0 32.0
2483 49.0 33.0
2484 49.0 34.0
2485 49.0 35.0
2486 49.0 36.0
2487 49.0 37.0
2488 49.0 38.0
2489 49.0 39.0
2490 49.0 40.0
2491 49.0 41.0
2492 49.0 42.0
2493 49.0 43.0
2494 49.0 44.0
2495 49.0 45.0
2496 49.0 46.0
2497 49.0 47.0
2498 49.0 48.0
2499 49.0 49.0
