42	3 21
40	21 22
38	18 21
31	6 21
31	17 21
27	21 24
26	14 21
26	18 22
26	18 21 22
20	6 18
20	6 22
20	6 18 21
20	6 21 22
17	3 24
17	3 21 24
16	12 21
16	20 21
15	3 14
15	17 18
15	3 14 21
15	6 18 22
15	17 18 21
15	6 18 21 22
14	6 17
14	9 21
14	17 22
14	6 17 21
14	17 21 22
13	3 17
13	3 18
13	3 17 21
13	3 18 21
12	3 22
12	14 17
12	14 22
12	22 24
12	3 21 22
12	14 17 21
12	14 21 22
12	21 22 24
11	6 14
11	6 20
11	13 21
11	13 22
11	6 14 21
11	6 20 21
11	13 21 22
10	6 17 22
10	6 17 21 22
9	6 12
9	14 18
9	18 24
9	6 12 21
9	6 17 18
9	14 18 21
9	17 18 22
9	18 21 24
9	6 17 18 21
9	17 18 21 22
8	6 9
8	13 18
8	17 20
8	6 9 21
8	13 18 21
8	13 18 22
8	17 20 21
8	18 22 24
8	13 18 21 22
8	18 21 22 24
7	3 12
7	6 13
7	9 18
7	12 20
7	14 20
7	3 12 21
7	3 18 22
7	6 13 21
7	6 13 22
7	9 18 21
7	12 20 21
7	14 20 21
7	3 18 21 22
7	6 13 21 22
7	6 17 18 22
7	6 17 18 21 22
6	5 21
6	6 24
6	9 22
6	12 18
6	12 22
6	13 17
6	18 19
6	18 20
6	19 21
6	3 14 17
6	3 14 22
6	6 12 20
6	6 14 17
6	6 14 20
6	6 14 22
6	6 21 24
6	6 22 24
6	9 21 22
6	12 18 21
6	12 21 22
6	13 17 21
6	13 17 22
6	14 17 20
6	18 19 21
6	18 20 21
6	3 14 17 21
6	3 14 21 22
6	6 12 20 21
6	6 14 17 21
6	6 14 20 21
6	6 14 21 22
6	6 21 22 24
6	13 17 21 22
6	14 17 20 21
5	3 9
5	6 19
5	6 23
5	9 20
5	12 14
5	12 17
5	17 24
5	20 22
5	21 23
5	3 9 21
5	3 17 18
5	6 9 20
5	6 12 17
5	6 13 18
5	6 14 18
5	6 17 20
5	6 18 19
5	6 18 24
5	6 19 21
5	6 21 23
5	9 20 21
5	12 14 21
5	12 17 21
5	13 17 18
5	14 17 18
5	14 18 22
5	17 21 24
5	20 21 22
5	3 17 18 21
5	6 9 20 21
5	6 12 17 21
5	6 13 18 21
5	6 13 18 22
5	6 14 17 20
5	6 14 18 21
5	6 17 20 21
5	6 18 19 21
5	6 18 21 24
5	6 18 22 24
5	13 17 18 21
5	13 17 18 22
5	14 17 18 21
5	14 18 21 22
5	6 13 18 21 22
5	6 14 17 20 21
5	6 18 21 22 24
5	13 17 18 21 22
4	3 20
4	5 22
4	9 12
4	9 14
4	9 17
4	14 24
4	15 21
4	15 22
4	17 19
4	18 23
4	18 25
4	19 22
4	21 25
4	3 9 18
4	3 14 18
4	3 20 21
4	5 21 22
4	6 9 14
4	6 9 22
4	6 12 14
4	6 13 17
4	6 18 20
4	6 18 23
4	9 12 21
4	9 14 21
4	9 17 21
4	9 18 22
4	14 17 22
4	14 21 24
4	15 21 22
4	17 18 19
4	17 19 21
4	17 20 22
4	18 19 22
4	18 21 23
4	18 21 25
4	19 21 22
4	3 9 18 21
4	3 14 18 21
4	6 9 14 21
4	6 9 21 22
4	6 12 14 21
4	6 13 17 18
4	6 13 17 21
4	6 13 17 22
4	6 18 20 21
4	6 18 21 23
4	9 18 21 22
4	14 17 21 22
4	17 18 19 21
4	17 20 21 22
4	18 19 21 22
4	6 13 17 18 21
4	6 13 17 18 22
4	6 13 17 21 22
4	6 13 17 18 21 22
3	2 21
3	3 15
3	3 25
3	5 18
3	5 24
3	9 24
3	10 21
3	12 24
3	14 19
3	14 25
3	17 25
3	3 9 24
3	3 12 18
3	3 12 22
3	3 12 24
3	3 14 24
3	3 15 21
3	3 15 22
3	3 17 24
3	3 18 24
3	3 18 25
3	3 21 25
3	5 18 21
3	5 21 24
3	5 22 24
3	6 9 17
3	6 9 18
3	6 12 18
3	6 12 22
3	6 17 19
3	6 19 22
3	6 20 22
3	9 14 20
3	9 18 24
3	9 21 24
3	12 14 17
3	12 14 20
3	12 17 20
3	12 17 22
3	12 18 22
3	12 21 24
3	14 17 25
3	14 18 19
3	14 18 20
3	14 18 25
3	14 19 21
3	14 19 22
3	14 20 22
3	14 21 25
3	17 18 25
3	17 19 22
3	17 21 25
3	3 9 18 24
3	3 9 21 24
3	3 12 18 21
3	3 12 21 22
3	3 12 21 24
3	3 14 17 18
3	3 14 21 24
3	3 15 21 22
3	3 17 21 24
3	3 18 21 24
3	3 18 21 25
3	5 21 22 24
3	6 9 14 20
3	6 9 17 21
3	6 9 18 21
3	6 12 14 17
3	6 12 14 20
3	6 12 17 20
3	6 12 17 22
3	6 12 18 21
3	6 12 21 22
3	6 14 17 22
3	6 14 18 22
3	6 17 18 19
3	6 17 19 21
3	6 18 19 22
3	6 19 21 22
3	6 20 21 22
3	9 14 20 21
3	9 18 21 24
3	12 14 17 20
3	12 14 17 21
3	12 14 20 21
3	12 17 20 21
3	12 17 21 22
3	12 18 21 22
3	14 17 18 25
3	14 17 20 22
3	14 17 21 25
3	14 18 19 21
3	14 18 19 22
3	14 18 20 21
3	14 18 21 25
3	14 19 21 22
3	14 20 21 22
3	17 18 19 22
3	17 18 21 25
3	17 19 21 22
3	3 9 18 21 24
3	3 14 17 18 21
3	6 9 14 20 21
3	6 12 14 17 20
3	6 12 14 17 21
3	6 12 14 20 21
3	6 12 17 20 21
3	6 12 17 21 22
3	6 14 17 21 22
3	6 14 18 21 22
3	6 17 18 19 21
3	6 18 19 21 22
3	12 14 17 20 21
3	14 17 18 21 25
3	14 17 20 21 22
3	14 18 19 21 22
3	17 18 19 21 22
3	6 12 14 17 20 21
2	2 3
2	2 18
2	2 22
2	3 10
2	3 13
2	5 17
2	8 13
2	8 21
2	8 22
2	9 13
2	10 17
2	12 13
2	13 14
2	14 23
2	15 18
2	19 23
2	20 24
2	22 23
2	2 3 21
2	2 18 21
2	2 18 22
2	2 21 22
2	3 9 12
2	3 9 22
2	3 10 21
2	3 13 18
2	3 13 21
2	3 13 22
2	3 14 25
2	3 15 18
2	3 17 20
2	3 17 22
2	3 17 25
2	3 18 20
2	3 22 24
2	5 17 21
2	5 18 22
2	6 9 12
2	6 12 13
2	6 13 14
2	6 14 19
2	6 14 23
2	6 19 23
2	6 22 23
2	8 13 21
2	8 13 22
2	8 21 22
2	9 12 18
2	9 12 20
2	9 12 24
2	9 13 21
2	9 13 22
2	9 14 17
2	9 14 22
2	9 17 20
2	9 17 22
2	9 22 24
2	10 17 21
2	12 13 17
2	12 13 18
2	12 13 21
2	12 13 22
2	12 14 22
2	12 17 18
2	12 18 20
2	12 18 24
2	13 14 21
2	13 14 22
2	14 17 19
2	14 21 23
2	15 18 21
2	15 18 22
2	17 18 20
2	17 22 24
2	18 19 23
2	18 20 22
2	18 22 23
2	19 21 23
2	20 21 24
2	20 22 24
2	21 22 23
2	2 18 21 22
2	3 9 12 18
2	3 9 12 21
2	3 9 12 24
2	3 9 18 22
2	3 9 21 22
2	3 9 22 24
2	3 12 18 24
2	3 13 18 21
2	3 13 18 22
2	3 13 21 22
2	3 14 17 25
2	3 14 18 22
2	3 14 18 25
2	3 14 21 25
2	3 15 18 21
2	3 15 18 22
2	3 17 18 22
2	3 17 18 25
2	3 17 20 21
2	3 17 21 22
2	3 17 21 25
2	3 18 20 21
2	3 18 22 24
2	3 21 22 24
2	5 18 21 22
2	6 9 12 20
2	6 9 12 21
2	6 9 14 17
2	6 9 14 22
2	6 9 17 20
2	6 9 17 22
2	6 9 18 22
2	6 12 13 17
2	6 12 13 18
2	6 12 13 21
2	6 12 13 22
2	6 12 17 18
2	6 12 18 22
2	6 13 14 21
2	6 13 14 22
2	6 14 17 18
2	6 14 18 19
2	6 14 18 20
2	6 14 19 21
2	6 14 19 22
2	6 14 20 22
2	6 14 21 23
2	6 17 19 22
2	6 17 20 22
2	6 18 19 23
2	6 18 22 23
2	6 19 21 23
2	6 21 22 23
2	8 13 21 22
2	9 12 18 21
2	9 12 18 24
2	9 12 20 21
2	9 12 21 24
2	9 13 21 22
2	9 14 17 20
2	9 14 17 21
2	9 14 21 22
2	9 17 20 21
2	9 17 21 22
2	9 18 22 24
2	9 21 22 24
2	12 13 17 18
2	12 13 17 21
2	12 13 17 22
2	12 13 18 21
2	12 13 18 22
2	12 13 21 22
2	12 14 21 22
2	12 17 18 21
2	12 17 18 22
2	12 18 20 21
2	12 18 21 24
2	13 14 21 22
2	14 17 18 19
2	14 17 18 20
2	14 17 18 22
2	14 17 19 21
2	14 17 19 22
2	15 18 21 22
2	17 18 20 21
2	17 21 22 24
2	18 19 21 23
2	18 20 21 22
2	18 21 22 23
2	20 21 22 24
2	3 9 12 18 21
2	3 9 12 18 24
2	3 9 12 21 24
2	3 9 18 21 22
2	3 9 18 22 24
2	3 9 21 22 24
2	3 12 18 21 24
2	3 13 18 21 22
2	3 14 17 18 25
2	3 14 17 21 25
2	3 14 18 21 22
2	3 14 18 21 25
2	3 15 18 21 22
2	3 17 18 21 22
2	3 17 18 21 25
2	3 18 21 22 24
2	6 9 12 20 21
2	6 9 14 17 20
2	6 9 14 17 21
2	6 9 14 21 22
2	6 9 17 20 21
2	6 9 17 21 22
2	6 9 18 21 22
2	6 12 13 17 18
2	6 12 13 17 21
2	6 12 13 17 22
2	6 12 13 18 21
2	6 12 13 18 22
2	6 12 13 21 22
2	6 12 17 18 21
2	6 12 17 18 22
2	6 12 18 21 22
2	6 13 14 21 22
2	6 14 17 18 21
2	6 14 17 20 22
2	6 14 18 19 21
2	6 14 18 19 22
2	6 14 18 20 21
2	6 14 19 21 22
2	6 14 20 21 22
2	6 17 18 19 22
2	6 17 19 21 22
2	6 17 20 21 22
2	6 18 19 21 23
2	6 18 21 22 23
2	9 12 18 21 24
2	9 14 17 20 21
2	9 18 21 22 24
2	12 13 17 18 21
2	12 13 17 18 22
2	12 13 17 21 22
2	12 13 18 21 22
2	12 17 18 21 22
2	14 17 18 19 21
2	14 17 18 19 22
2	14 17 18 20 21
2	14 17 18 21 22
2	14 17 19 21 22
2	3 9 12 18 21 24
2	3 9 18 21 22 24
2	3 14 17 18 21 25
2	6 9 14 17 20 21
2	6 12 13 17 18 21
2	6 12 13 17 18 22
2	6 12 13 17 21 22
2	6 12 13 18 21 22
2	6 12 17 18 21 22
2	6 14 17 20 21 22
2	6 14 18 19 21 22
2	6 17 18 19 21 22
2	12 13 17 18 21 22
2	14 17 18 19 21 22
2	6 12 13 17 18 21 22
1	1 18
1	1 21
1	1 22
1	2 5
1	2 15
1	3 16
1	3 19
1	4 17
1	4 20
1	4 21
1	4 22
1	4 24
1	5 9
1	5 10
1	5 11
1	6 15
1	6 25
1	8 17
1	8 18
1	9 10
1	9 25
1	10 11
1	10 18
1	11 17
1	11 18
1	11 21
1	12 15
1	12 23
1	12 25
1	13 23
1	13 24
1	14 16
1	15 17
1	15 24
1	16 21
1	16 22
1	17 23
1	19 20
1	19 24
1	20 25
1	22 25
1	24 25
1	1 18 21
1	1 18 22
1	1 21 22
1	2 3 15
1	2 3 18
1	2 3 22
1	2 5 18
1	2 5 21
1	2 5 22
1	2 15 18
1	2 15 21
1	2 15 22
1	3 9 10
1	3 9 13
1	3 9 25
1	3 10 17
1	3 12 14
1	3 12 15
1	3 12 20
1	3 12 25
1	3 13 17
1	3 13 24
1	3 14 16
1	3 14 19
1	3 14 20
1	3 16 21
1	3 16 22
1	3 17 19
1	3 18 19
1	3 19 20
1	3 19 21
1	3 19 22
1	3 20 22
1	3 22 25
1	3 24 25
1	4 17 20
1	4 17 21
1	4 17 22
1	4 17 24
1	4 20 21
1	4 20 22
1	4 20 24
1	4 21 22
1	4 21 24
1	4 22 24
1	5 9 17
1	5 9 21
1	5 10 11
1	5 10 17
1	5 10 18
1	5 10 21
1	5 11 17
1	5 11 18
1	5 11 21
1	5 17 18
1	5 18 24
1	6 9 13
1	6 12 23
1	6 13 23
1	6 14 24
1	6 14 25
1	6 15 17
1	6 15 21
1	6 15 22
1	6 15 24
1	6 17 23
1	6 17 24
1	6 17 25
1	6 18 25
1	6 19 24
1	6 20 24
1	6 20 25
1	6 21 25
1	8 13 17
1	8 13 18
1	8 17 21
1	8 17 22
1	8 18 21
1	8 18 22
1	9 10 21
1	9 12 14
1	9 12 17
1	9 12 22
1	9 12 25
1	9 13 14
1	9 13 18
1	9 13 24
1	9 14 18
1	9 17 18
1	9 18 20
1	9 18 25
1	9 20 22
1	9 21 25
1	9 22 25
1	9 24 25
1	10 11 17
1	10 11 18
1	10 11 21
1	10 17 18
1	10 18 21
1	11 17 18
1	11 17 21
1	11 18 21
1	12 14 23
1	12 15 21
1	12 15 22
1	12 18 25
1	12 20 22
1	12 21 23
1	12 21 25
1	12 22 24
1	12 22 25
1	12 24 25
1	13 14 18
1	13 14 23
1	13 18 23
1	13 18 24
1	13 21 23
1	13 21 24
1	13 22 23
1	13 22 24
1	14 16 21
1	14 16 22
1	14 18 23
1	14 18 24
1	14 19 20
1	14 19 24
1	14 20 25
1	14 22 23
1	14 22 24
1	15 17 21
1	15 17 22
1	15 17 24
1	15 21 24
1	15 22 24
1	16 21 22
1	17 18 23
1	17 19 20
1	17 19 23
1	17 20 24
1	17 20 25
1	17 21 23
1	18 19 20
1	18 19 24
1	18 20 24
1	18 20 25
1	18 22 25
1	18 24 25
1	19 20 21
1	19 20 22
1	19 21 24
1	19 22 24
1	20 21 25
1	21 22 25
1	21 24 25
1	22 24 25
1	1 18 21 22
1	2 3 15 18
1	2 3 15 21
1	2 3 15 22
1	2 3 18 21
1	2 3 18 22
1	2 3 21 22
1	2 5 18 21
1	2 5 18 22
1	2 5 21 22
1	2 15 18 21
1	2 15 18 22
1	2 15 21 22
1	3 9 10 21
1	3 9 12 22
1	3 9 12 25
1	3 9 13 18
1	3 9 13 21
1	3 9 13 22
1	3 9 13 24
1	3 9 18 25
1	3 9 21 25
1	3 9 22 25
1	3 9 24 25
1	3 10 17 21
1	3 12 14 21
1	3 12 14 22
1	3 12 15 21
1	3 12 15 22
1	3 12 18 20
1	3 12 18 22
1	3 12 18 25
1	3 12 20 21
1	3 12 21 25
1	3 12 22 24
1	3 12 22 25
1	3 12 24 25
1	3 13 17 18
1	3 13 17 21
1	3 13 17 22
1	3 13 18 24
1	3 13 21 24
1	3 13 22 24
1	3 14 16 21
1	3 14 16 22
1	3 14 17 19
1	3 14 17 20
1	3 14 17 22
1	3 14 18 19
1	3 14 18 20
1	3 14 19 20
1	3 14 19 21
1	3 14 19 22
1	3 14 20 21
1	3 14 20 22
1	3 16 21 22
1	3 17 18 19
1	3 17 18 20
1	3 17 19 20
1	3 17 19 21
1	3 17 19 22
1	3 17 20 22
1	3 18 19 20
1	3 18 19 21
1	3 18 19 22
1	3 18 20 22
1	3 18 22 25
1	3 18 24 25
1	3 19 20 21
1	3 19 20 22
1	3 19 21 22
1	3 20 21 22
1	3 21 22 25
1	3 21 24 25
1	3 22 24 25
1	4 17 20 21
1	4 17 20 22
1	4 17 20 24
1	4 17 21 22
1	4 17 21 24
1	4 17 22 24
1	4 20 21 22
1	4 20 21 24
1	4 20 22 24
1	4 21 22 24
1	5 9 17 21
1	5 10 11 17
1	5 10 11 18
1	5 10 11 21
1	5 10 17 18
1	5 10 17 21
1	5 10 18 21
1	5 11 17 18
1	5 11 17 21
1	5 11 18 21
1	5 17 18 21
1	5 18 21 24
1	5 18 22 24
1	6 9 12 14
1	6 9 12 17
1	6 9 13 14
1	6 9 13 21
1	6 9 13 22
1	6 9 14 18
1	6 9 17 18
1	6 9 18 20
1	6 9 20 22
1	6 12 14 22
1	6 12 14 23
1	6 12 18 20
1	6 12 20 22
1	6 12 21 23
1	6 13 14 18
1	6 13 14 23
1	6 13 18 23
1	6 13 21 23
1	6 13 22 23
1	6 14 17 19
1	6 14 17 25
1	6 14 18 23
1	6 14 18 24
1	6 14 18 25
1	6 14 19 24
1	6 14 20 25
1	6 14 21 24
1	6 14 21 25
1	6 14 22 23
1	6 14 22 24
1	6 15 17 21
1	6 15 17 22
1	6 15 17 24
1	6 15 21 22
1	6 15 21 24
1	6 15 22 24
1	6 17 18 20
1	6 17 18 23
1	6 17 18 25
1	6 17 19 23
1	6 17 20 25
1	6 17 21 23
1	6 17 21 24
1	6 17 21 25
1	6 17 22 24
1	6 18 19 24
1	6 18 20 22
1	6 18 20 24
1	6 18 20 25
1	6 18 21 25
1	6 19 21 24
1	6 19 22 24
1	6 20 21 24
1	6 20 21 25
1	6 20 22 24
1	8 13 17 21
1	8 13 17 22
1	8 13 18 21
1	8 13 18 22
1	8 17 21 22
1	8 18 21 22
1	9 12 14 17
1	9 12 14 20
1	9 12 14 21
1	9 12 17 20
1	9 12 17 21
1	9 12 18 22
1	9 12 18 25
1	9 12 21 22
1	9 12 21 25
1	9 12 22 24
1	9 12 22 25
1	9 12 24 25
1	9 13 14 21
1	9 13 14 22
1	9 13 18 21
1	9 13 18 22
1	9 13 18 24
1	9 13 21 24
1	9 13 22 24
1	9 14 17 22
1	9 14 18 20
1	9 14 18 21
1	9 14 20 22
1	9 17 18 21
1	9 17 18 22
1	9 17 20 22
1	9 18 20 21
1	9 18 21 25
1	9 18 22 25
1	9 18 24 25
1	9 20 21 22
1	9 21 22 25
1	9 21 24 25
1	9 22 24 25
1	10 11 17 18
1	10 11 17 21
1	10 11 18 21
1	10 17 18 21
1	11 17 18 21
1	12 14 17 22
1	12 14 20 22
1	12 14 21 23
1	12 15 21 22
1	12 17 20 22
1	12 18 21 25
1	12 18 22 24
1	12 18 22 25
1	12 18 24 25
1	12 20 21 22
1	12 21 22 24
1	12 21 22 25
1	12 21 24 25
1	12 22 24 25
1	13 14 18 21
1	13 14 18 22
1	13 14 18 23
1	13 14 21 23
1	13 14 22 23
1	13 18 21 23
1	13 18 21 24
1	13 18 22 23
1	13 18 22 24
1	13 21 22 23
1	13 21 22 24
1	14 16 21 22
1	14 17 19 20
1	14 17 20 25
1	14 18 19 20
1	14 18 19 24
1	14 18 20 22
1	14 18 20 25
1	14 18 21 23
1	14 18 21 24
1	14 18 22 23
1	14 18 22 24
1	14 19 20 21
1	14 19 20 22
1	14 19 21 24
1	14 19 22 24
1	14 20 21 25
1	14 21 22 23
1	14 21 22 24
1	15 17 21 22
1	15 17 21 24
1	15 17 22 24
1	15 21 22 24
1	17 18 19 20
1	17 18 19 23
1	17 18 20 22
1	17 18 20 25
1	17 18 21 23
1	17 19 20 21
1	17 19 20 22
1	17 19 21 23
1	17 20 21 24
1	17 20 21 25
1	17 20 22 24
1	18 19 20 21
1	18 19 20 22
1	18 19 21 24
1	18 19 22 24
1	18 20 21 24
1	18 20 21 25
1	18 20 22 24
1	18 21 22 25
1	18 21 24 25
1	18 22 24 25
1	19 20 21 22
1	19 21 22 24
1	21 22 24 25
1	2 3 15 18 21
1	2 3 15 18 22
1	2 3 15 21 22
1	2 3 18 21 22
1	2 5 18 21 22
1	2 15 18 21 22
1	3 9 12 18 22
1	3 9 12 18 25
1	3 9 12 21 22
1	3 9 12 21 25
1	3 9 12 22 24
1	3 9 12 22 25
1	3 9 12 24 25
1	3 9 13 18 21
1	3 9 13 18 22
1	3 9 13 18 24
1	3 9 13 21 22
1	3 9 13 21 24
1	3 9 13 22 24
1	3 9 18 21 25
1	3 9 18 22 25
1	3 9 18 24 25
1	3 9 21 22 25
1	3 9 21 24 25
1	3 9 22 24 25
1	3 12 14 21 22
1	3 12 15 21 22
1	3 12 18 20 21
1	3 12 18 21 22
1	3 12 18 21 25
1	3 12 18 22 24
1	3 12 18 22 25
1	3 12 18 24 25
1	3 12 21 22 24
1	3 12 21 22 25
1	3 12 21 24 25
1	3 12 22 24 25
1	3 13 17 18 21
1	3 13 17 18 22
1	3 13 17 21 22
1	3 13 18 21 24
1	3 13 18 22 24
1	3 13 21 22 24
1	3 14 16 21 22
1	3 14 17 18 19
1	3 14 17 18 20
1	3 14 17 18 22
1	3 14 17 19 20
1	3 14 17 19 21
1	3 14 17 19 22
1	3 14 17 20 21
1	3 14 17 20 22
1	3 14 17 21 22
1	3 14 18 19 20
1	3 14 18 19 21
1	3 14 18 19 22
1	3 14 18 20 21
1	3 14 18 20 22
1	3 14 19 20 21
1	3 14 19 20 22
1	3 14 19 21 22
1	3 14 20 21 22
1	3 17 18 19 20
1	3 17 18 19 21
1	3 17 18 19 22
1	3 17 18 20 21
1	3 17 18 20 22
1	3 17 19 20 21
1	3 17 19 20 22
1	3 17 19 21 22
1	3 17 20 21 22
1	3 18 19 20 21
1	3 18 19 20 22
1	3 18 19 21 22
1	3 18 20 21 22
1	3 18 21 22 25
1	3 18 21 24 25
1	3 18 22 24 25
1	3 19 20 21 22
1	3 21 22 24 25
1	4 17 20 21 22
1	4 17 20 21 24
1	4 17 20 22 24
1	4 17 21 22 24
1	4 20 21 22 24
1	5 10 11 17 18
1	5 10 11 17 21
1	5 10 11 18 21
1	5 10 17 18 21
1	5 11 17 18 21
1	5 18 21 22 24
1	6 9 12 14 17
1	6 9 12 14 20
1	6 9 12 14 21
1	6 9 12 17 20
1	6 9 12 17 21
1	6 9 13 14 21
1	6 9 13 14 22
1	6 9 13 21 22
1	6 9 14 17 22
1	6 9 14 18 20
1	6 9 14 18 21
1	6 9 14 20 22
1	6 9 17 18 21
1	6 9 17 18 22
1	6 9 17 20 22
1	6 9 18 20 21
1	6 9 20 21 22
1	6 12 14 17 22
1	6 12 14 20 22
1	6 12 14 21 22
1	6 12 14 21 23
1	6 12 17 20 22
1	6 12 18 20 21
1	6 12 20 21 22
1	6 13 14 18 21
1	6 13 14 18 22
1	6 13 14 18 23
1	6 13 14 21 23
1	6 13 14 22 23
1	6 13 18 21 23
1	6 13 18 22 23
1	6 13 21 22 23
1	6 14 17 18 19
1	6 14 17 18 20
1	6 14 17 18 22
1	6 14 17 18 25
1	6 14 17 19 21
1	6 14 17 19 22
1	6 14 17 20 25
1	6 14 17 21 25
1	6 14 18 19 24
1	6 14 18 20 25
1	6 14 18 21 23
1	6 14 18 21 24
1	6 14 18 21 25
1	6 14 18 22 23
1	6 14 18 22 24
1	6 14 19 21 24
1	6 14 19 22 24
1	6 14 20 21 25
1	6 14 21 22 23
1	6 14 21 22 24
1	6 15 17 21 22
1	6 15 17 21 24
1	6 15 17 22 24
1	6 15 21 22 24
1	6 17 18 19 23
1	6 17 18 20 21
1	6 17 18 20 25
1	6 17 18 21 23
1	6 17 18 21 25
1	6 17 19 21 23
1	6 17 20 21 25
1	6 17 21 22 24
1	6 18 19 21 24
1	6 18 19 22 24
1	6 18 20 21 22
1	6 18 20 21 24
1	6 18 20 21 25
1	6 18 20 22 24
1	6 19 21 22 24
1	6 20 21 22 24
1	8 13 17 21 22
1	8 13 18 21 22
1	9 12 14 17 20
1	9 12 14 17 21
1	9 12 14 20 21
1	9 12 17 20 21
1	9 12 18 21 22
1	9 12 18 21 25
1	9 12 18 22 24
1	9 12 18 22 25
1	9 12 18 24 25
1	9 12 21 22 24
1	9 12 21 22 25
1	9 12 21 24 25
1	9 12 22 24 25
1	9 13 14 21 22
1	9 13 18 21 22
1	9 13 18 21 24
1	9 13 18 22 24
1	9 13 21 22 24
1	9 14 17 20 22
1	9 14 17 21 22
1	9 14 18 20 21
1	9 14 20 21 22
1	9 17 18 21 22
1	9 17 20 21 22
1	9 18 21 22 25
1	9 18 21 24 25
1	9 18 22 24 25
1	9 21 22 24 25
1	10 11 17 18 21
1	12 14 17 20 22
1	12 14 17 21 22
1	12 14 20 21 22
1	12 17 20 21 22
1	12 18 21 22 24
1	12 18 21 22 25
1	12 18 21 24 25
1	12 18 22 24 25
1	12 21 22 24 25
1	13 14 18 21 22
1	13 14 18 21 23
1	13 14 18 22 23
1	13 14 21 22 23
1	13 18 21 22 23
1	13 18 21 22 24
1	14 17 18 19 20
1	14 17 18 20 22
1	14 17 18 20 25
1	14 17 19 20 21
1	14 17 19 20 22
1	14 17 20 21 25
1	14 18 19 20 21
1	14 18 19 20 22
1	14 18 19 21 24
1	14 18 19 22 24
1	14 18 20 21 22
1	14 18 20 21 25
1	14 18 21 22 23
1	14 18 21 22 24
1	14 19 20 21 22
1	14 19 21 22 24
1	15 17 21 22 24
1	17 18 19 20 21
1	17 18 19 20 22
1	17 18 19 21 23
1	17 18 20 21 22
1	17 18 20 21 25
1	17 19 20 21 22
1	17 20 21 22 24
1	18 19 20 21 22
1	18 19 21 22 24
1	18 20 21 22 24
1	18 21 22 24 25
1	2 3 15 18 21 22
1	3 9 12 18 21 22
1	3 9 12 18 21 25
1	3 9 12 18 22 24
1	3 9 12 18 22 25
1	3 9 12 18 24 25
1	3 9 12 21 22 24
1	3 9 12 21 22 25
1	3 9 12 21 24 25
1	3 9 12 22 24 25
1	3 9 13 18 21 22
1	3 9 13 18 21 24
1	3 9 13 18 22 24
1	3 9 13 21 22 24
1	3 9 18 21 22 25
1	3 9 18 21 24 25
1	3 9 18 22 24 25
1	3 9 21 22 24 25
1	3 12 18 21 22 24
1	3 12 18 21 22 25
1	3 12 18 21 24 25
1	3 12 18 22 24 25
1	3 12 21 22 24 25
1	3 13 17 18 21 22
1	3 13 18 21 22 24
1	3 14 17 18 19 20
1	3 14 17 18 19 21
1	3 14 17 18 19 22
1	3 14 17 18 20 21
1	3 14 17 18 20 22
1	3 14 17 18 21 22
1	3 14 17 19 20 21
1	3 14 17 19 20 22
1	3 14 17 19 21 22
1	3 14 17 20 21 22
1	3 14 18 19 20 21
1	3 14 18 19 20 22
1	3 14 18 19 21 22
1	3 14 18 20 21 22
1	3 14 19 20 21 22
1	3 17 18 19 20 21
1	3 17 18 19 20 22
1	3 17 18 19 21 22
1	3 17 18 20 21 22
1	3 17 19 20 21 22
1	3 18 19 20 21 22
1	3 18 21 22 24 25
1	4 17 20 21 22 24
1	5 10 11 17 18 21
1	6 9 12 14 17 20
1	6 9 12 14 17 21
1	6 9 12 14 20 21
1	6 9 12 17 20 21
1	6 9 13 14 21 22
1	6 9 14 17 20 22
1	6 9 14 17 21 22
1	6 9 14 18 20 21
1	6 9 14 20 21 22
1	6 9 17 18 21 22
1	6 9 17 20 21 22
1	6 12 14 17 20 22
1	6 12 14 17 21 22
1	6 12 14 20 21 22
1	6 12 17 20 21 22
1	6 13 14 18 21 22
1	6 13 14 18 21 23
1	6 13 14 18 22 23
1	6 13 14 21 22 23
1	6 13 18 21 22 23
1	6 14 17 18 19 21
1	6 14 17 18 19 22
1	6 14 17 18 20 21
1	6 14 17 18 20 25
1	6 14 17 18 21 22
1	6 14 17 18 21 25
1	6 14 17 19 21 22
1	6 14 17 20 21 25
1	6 14 18 19 21 24
1	6 14 18 19 22 24
1	6 14 18 20 21 25
1	6 14 18 21 22 23
1	6 14 18 21 22 24
1	6 14 19 21 22 24
1	6 15 17 21 22 24
1	6 17 18 19 21 23
1	6 17 18 20 21 25
1	6 18 19 21 22 24
1	6 18 20 21 22 24
1	9 12 14 17 20 21
1	9 12 18 21 22 24
1	9 12 18 21 22 25
1	9 12 18 21 24 25
1	9 12 18 22 24 25
1	9 12 21 22 24 25
1	9 13 18 21 22 24
1	9 14 17 20 21 22
1	9 18 21 22 24 25
1	12 14 17 20 21 22
1	12 18 21 22 24 25
1	13 14 18 21 22 23
1	14 17 18 19 20 21
1	14 17 18 19 20 22
1	14 17 18 20 21 22
1	14 17 18 20 21 25
1	14 17 19 20 21 22
1	14 18 19 20 21 22
1	14 18 19 21 22 24
1	17 18 19 20 21 22
1	3 9 12 18 21 22 24
1	3 9 12 18 21 22 25
1	3 9 12 18 21 24 25
1	3 9 12 18 22 24 25
1	3 9 12 21 22 24 25
1	3 9 13 18 21 22 24
1	3 9 18 21 22 24 25
1	3 12 18 21 22 24 25
1	3 14 17 18 19 20 21
1	3 14 17 18 19 20 22
1	3 14 17 18 19 21 22
1	3 14 17 18 20 21 22
1	3 14 17 19 20 21 22
1	3 14 18 19 20 21 22
1	3 17 18 19 20 21 22
1	6 9 12 14 17 20 21
1	6 9 14 17 20 21 22
1	6 12 14 17 20 21 22
1	6 13 14 18 21 22 23
1	6 14 17 18 19 21 22
1	6 14 17 18 20 21 25
1	6 14 18 19 21 22 24
1	9 12 18 21 22 24 25
1	14 17 18 19 20 21 22
1	3 9 12 18 21 22 24 25
1	3 14 17 18 19 20 21 22